80000
0
6674
79998
10517
79996
2003
79994
12381
79992
2438
79990
6871
79988
28676
79986
27483
79984
11272
79982
2401
79980
26210
79978
12859
79976
2377
79974
2393
79972
25345
79970
1745
79968
3394
79966
29912
79964
21411
79962
5320
79960
34581
79958
5992
79956
16388
79954
7965
79952
61
79950
9643
79948
13488
79946
35688
79944
6477
79942
10383
79940
39373
79938
3585
79936
48741
79934
9659
79932
9533
79930
3046
79928
14636
79926
2499
79924
66199
79922
29312
79920
6220
79918
1997
79916
25568
79914
39723
79912
21285
79910
5763
79908
6775
79906
30252
79904
14799
79902
26359
79900
63964
79898
12704
79896
25386
79894
8277
79892
20207
79890
2485
79888
730
79886
16721
79884
33570
79882
4529
79880
1176
79878
3039
79876
23442
79874
11720
79872
37887
79870
1227
79868
1702
79866
32584
79864
22906
79862
14942
79860
15741
79858
19974
79856
4082
79854
19502
79852
43797
79850
4351
79848
46779
79846
688
79844
159
79842
1398
79840
3008
79838
30296
79836
21647
79834
15051
79832
8589
79830
21017
79828
5779
79826
4512
79824
37491
79822
6863
79820
22244
79818
27431
79816
4847
79814
33485
79812
9354
79810
16749
79808
24685
79806
46241
79804
11943
79802
510
79800
9784
79798
5860
79796
1873
79794
24794
79792
23905
79790
7309
79788
3949
79786
8948
79784
37580
79782
19787
79780
2068
79778
11907
79776
6435
79774
8881
79772
16016
79770
20602
79768
17688
79766
18423
79764
9434
79762
40951
79760
15919
79758
3048
79756
949
79754
23215
79752
24775
79750
13451
79748
5003
79746
4350
79744
3120
79742
31198
79740
28607
79738
6458
79736
4229
79734
21770
79732
43547
79730
22848
79728
38328
79726
7898
79724
5555
79722
5635
79720
61066
79718
472
79716
16809
79714
4720
79712
11150
79710
4514
79708
18775
79706
40658
79704
8002
79702
7741
79700
13624
79698
42078
79696
6704
79694
32942
79692
10476
79690
3611
79688
22774
79686
19955
79684
2397
79682
16248
79680
27058
79678
10384
79676
26143
79674
10041
79672
3483
79670
11838
79668
30348
79666
2834
79664
20184
79662
2507
79660
28209
79658
14031
79656
1036
79654
31724
79652
26251
79650
11584
79648
9799
79646
40858
79644
3014
79642
8923
79640
13209
79638
13157
79636
14752
79634
11462
79632
918
79630
5345
79628
48555
79626
3230
79624
23329
79622
772
79620
22306
79618
20089
79616
1238
79614
26850
79612
13062
79610
16248
79608
29900
79606
9670
79604
989
79602
22267
79600
7020
79598
15570
79596
4318
79594
29354
79592
50892
79590
41874
79588
15947
79586
3693
79584
30390
79582
10561
79580
48193
79578
10463
79576
20341
79574
20501
79572
10499
79570
1682
79568
3650
79566
15785
79564
20253
79562
1599
79560
15745
79558
13130
79556
6746
79554
25694
79552
18395
79550
3225
79548
1550
79546
8873
79544
28807
79542
51866
79540
7890
79538
17037
79536
28689
79534
18434
79532
10018
79530
17349
79528
16753
79526
6356
79524
11986
79522
5446
79520
27717
79518
47834
79516
66839
79514
32530
79512
12556
79510
10564
79508
23931
79506
3731
79504
1489
79502
18447
79500
10578
79498
20753
79496
8817
79494
12862
79492
14218
79490
2849
79488
14418
79486
21619
79484
6091
79482
2991
79480
19057
79478
6274
79476
24556
79474
15541
79472
15047
79470
20862
79468
3722
79466
3029
79464
33083
79462
3217
79460
25388
79458
2976
79456
1949
79454
11277
79452
4327
79450
11036
79448
36133
79446
313
79444
104
79442
5330
79440
641
79438
56657
79436
2398
79434
17279
79432
26037
79430
5115
79428
34551
79426
5119
79424
2519
79422
12903
79420
33791
79418
16395
79416
9211
79414
33347
79412
6655
79410
34658
79408
26653
79406
37710
79404
22624
79402
31815
79400
5024
79398
12302
79396
45020
79394
26498
79392
11263
79390
43054
79388
2703
79386
4713
79384
24898
79382
7960
79380
14681
79378
4584
79376
29641
79374
9796
79372
12872
79370
1865
79368
7407
79366
9948
79364
3141
79362
7140
79360
4173
79358
7780
79356
28442
79354
10986
79352
1122
79350
4385
79348
28404
79346
8006
79344
27130
79342
4612
79340
6695
79338
4100
79336
786
79334
11427
79332
277
79330
7205
79328
7060
79326
16296
79324
6176
79322
9067
79320
14513
79318
16619
79316
12300
79314
36543
79312
2455
79310
19200
79308
10616
79306
11694
79304
41693
79302
24408
79300
16656
79298
4106
79296
7689
79294
13139
79292
2287
79290
15157
79288
8323
79286
26726
79284
1447
79282
2432
79280
13034
79278
9678
79276
31663
79274
8367
79272
7112
79270
11742
79268
21358
79266
15724
79264
27629
79262
9349
79260
5391
79258
79
79256
577
79254
3382
79252
9090
79250
23856
79248
903
79246
22469
79244
52668
79242
1270
79240
36950
79238
370
79236
3765
79234
2148
79232
39054
79230
10460
79228
6158
79226
8972
79224
1732
79222
17133
79220
1979
79218
41535
79216
3522
79214
43194
79212
16242
79210
26277
79208
4710
79206
11154
79204
14572
79202
10215
79200
22645
79198
249
79196
19041
79194
32142
79192
4542
79190
5668
79188
5046
79186
172
79184
10561
79182
17382
79180
7282
79178
13892
79176
40496
79174
3662
79172
12961
79170
25062
79168
1339
79166
30231
79164
36736
79162
30411
79160
13431
79158
16591
79156
5002
79154
54602
79152
33517
79150
21350
79148
2110
79146
19927
79144
11572
79142
3731
79140
13548
79138
16085
79136
17929
79134
1042
79132
22922
79130
20907
79128
2901
79126
696
79124
2359
79122
2434
79120
54265
79118
1059
79116
3623
79114
19172
79112
11051
79110
28771
79108
49802
79106
67096
79104
3828
79102
2396
79100
13349
79098
1546
79096
16795
79094
6363
79092
23482
79090
40037
79088
15834
79086
23112
79084
30055
79082
15288
79080
31064
79078
2716
79076
15394
79074
14035
79072
983
79070
8767
79068
1216
79066
27448
79064
305
79062
7376
79060
2621
79058
1176
79056
11173
79054
12904
79052
6557
79050
11188
79048
17408
79046
15052
79044
15138
79042
9296
79040
3967
79038
2583
79036
432
79034
24676
79032
4006
79030
3
79028
14247
79026
4130
79024
7328
79022
35864
79020
14991
79018
3353
79016
1185
79014
25113
79012
10838
79010
10189
79008
6991
79006
15613
79004
9605
79002
12981
79000
11609
78998
35028
78996
1150
78994
1137
78992
26229
78990
9827
78988
3136
78986
15339
78984
18187
78982
6000
78980
6185
78978
41490
78976
136
78974
960
78972
18982
78970
13660
78968
3277
78966
15763
78964
9245
78962
11523
78960
13985
78958
9038
78956
18360
78954
16424
78952
12918
78950
3418
78948
18727
78946
20353
78944
43630
78942
28894
78940
39673
78938
16838
78936
4085
78934
23020
78932
6642
78930
1761
78928
3783
78926
19430
78924
2262
78922
1731
78920
28542
78918
10350
78916
36412
78914
51459
78912
28658
78910
31157
78908
16188
78906
9371
78904
465
78902
4598
78900
9224
78898
13902
78896
5724
78894
5368
78892
11000
78890
418
78888
19060
78886
38762
78884
11575
78882
7104
78880
797
78878
16859
78876
245
78874
4107
78872
6806
78870
25383
78868
31613
78866
22792
78864
19280
78862
20826
78860
381
78858
30651
78856
2673
78854
2314
78852
22292
78850
76115
78848
17368
78846
22907
78844
1191
78842
9164
78840
47847
78838
9479
78836
7747
78834
953
78832
10366
78830
34629
78828
18318
78826
8466
78824
36346
78822
25527
78820
2801
78818
6740
78816
4776
78814
12407
78812
12783
78810
5073
78808
8191
78806
12966
78804
12942
78802
3802
78800
70186
78798
15817
78796
11493
78794
5922
78792
11171
78790
3158
78788
5444
78786
5844
78784
23463
78782
5422
78780
23799
78778
3281
78776
16515
78774
9193
78772
4977
78770
6428
78768
15147
78766
8816
78764
7690
78762
33563
78760
2293
78758
33176
78756
8629
78754
4552
78752
27154
78750
4489
78748
18638
78746
21352
78744
7006
78742
18704
78740
474
78738
12209
78736
4975
78734
2951
78732
49396
78730
7810
78728
25678
78726
3702
78724
9809
78722
47990
78720
28185
78718
9420
78716
9614
78714
25976
78712
28674
78710
20206
78708
17698
78706
516
78704
9506
78702
11978
78700
4163
78698
25051
78696
5887
78694
5370
78692
9723
78690
197
78688
19071
78686
5324
78684
1882
78682
2485
78680
3817
78678
10931
78676
16193
78674
1230
78672
1153
78670
1341
78668
30522
78666
9218
78664
16973
78662
17938
78660
15787
78658
24130
78656
4258
78654
27387
78652
28109
78650
10461
78648
1674
78646
18563
78644
5484
78642
21925
78640
14356
78638
4001
78636
28332
78634
4408
78632
51004
78630
3038
78628
13421
78626
48452
78624
23092
78622
12908
78620
19093
78618
6031
78616
16968
78614
3236
78612
7546
78610
15016
78608
13093
78606
6312
78604
8576
78602
1853
78600
6507
78598
2012
78596
3387
78594
33672
78592
6435
78590
21711
78588
29664
78586
433
78584
10536
78582
12618
78580
52546
78578
17321
78576
8914
78574
4335
78572
8893
78570
9459
78568
4203
78566
14161
78564
11632
78562
2203
78560
5644
78558
4289
78556
14390
78554
18638
78552
4640
78550
351
78548
40123
78546
31993
78544
13712
78542
2553
78540
9399
78538
1958
78536
19237
78534
18574
78532
2029
78530
978
78528
4472
78526
4915
78524
14846
78522
34577
78520
15766
78518
47805
78516
49342
78514
2005
78512
23444
78510
10122
78508
6079
78506
5123
78504
43315
78502
3848
78500
18013
78498
878
78496
14366
78494
4963
78492
42306
78490
15836
78488
27118
78486
2039
78484
892
78482
14656
78480
1216
78478
31653
78476
11200
78474
1866
78472
6487
78470
5013
78468
18338
78466
25026
78464
10682
78462
15341
78460
36329
78458
8081
78456
4377
78454
4267
78452
4434
78450
4840
78448
3161
78446
3496
78444
14714
78442
9594
78440
3544
78438
13543
78436
21382
78434
19444
78432
35445
78430
1009
78428
162
78426
3414
78424
52430
78422
55846
78420
38253
78418
43910
78416
7661
78414
14549
78412
4853
78410
2265
78408
422
78406
14878
78404
5085
78402
1817
78400
44804
78398
4201
78396
4459
78394
10218
78392
16932
78390
11185
78388
3546
78386
5643
78384
50564
78382
101
78380
1825
78378
63226
78376
29262
78374
29754
78372
2090
78370
1996
78368
11514
78366
5754
78364
34329
78362
15276
78360
14459
78358
17680
78356
44628
78354
11094
78352
23176
78350
12670
78348
4194
78346
24340
78344
30422
78342
1914
78340
27344
78338
6549
78336
68
78334
4004
78332
14358
78330
4896
78328
14625
78326
322
78324
3496
78322
10242
78320
5675
78318
13953
78316
15523
78314
15418
78312
39638
78310
16256
78308
6063
78306
26122
78304
13421
78302
3757
78300
2032
78298
47781
78296
16266
78294
10372
78292
1155
78290
7740
78288
6998
78286
2672
78284
4611
78282
11680
78280
10046
78278
599
78276
341
78274
6226
78272
4206
78270
18821
78268
1456
78266
27947
78264
22599
78262
5274
78260
13292
78258
11535
78256
31305
78254
12761
78252
39226
78250
16815
78248
20116
78246
29846
78244
10765
78242
790
78240
41698
78238
14011
78236
4831
78234
20893
78232
28487
78230
10625
78228
3782
78226
15583
78224
3434
78222
10608
78220
28460
78218
9370
78216
31004
78214
7042
78212
22033
78210
357
78208
3639
78206
6824
78204
3201
78202
5386
78200
27957
78198
1920
78196
7004
78194
24010
78192
34753
78190
44014
78188
401
78186
332
78184
8335
78182
23789
78180
5828
78178
14851
78176
67247
78174
8687
78172
22389
78170
2744
78168
1747
78166
2093
78164
16408
78162
58977
78160
15768
78158
5015
78156
5133
78154
2481
78152
20575
78150
15615
78148
4218
78146
23707
78144
22179
78142
235
78140
2367
78138
625
78136
24969
78134
30469
78132
9687
78130
42762
78128
5536
78126
6827
78124
2043
78122
37078
78120
30999
78118
22061
78116
6122
78114
1562
78112
13266
78110
10677
78108
542
78106
19988
78104
64119
78102
11026
78100
33355
78098
19165
78096
7369
78094
9155
78092
22103
78090
3337
78088
1048
78086
20882
78084
11224
78082
6268
78080
62358
78078
1771
78076
4733
78074
13138
78072
5588
78070
18164
78068
21441
78066
25129
78064
9494
78062
25678
78060
14147
78058
14155
78056
4656
78054
2645
78052
36874
78050
14191
78048
14815
78046
12664
78044
55
78042
22302
78040
5501
78038
15313
78036
4313
78034
60
78032
10240
78030
7713
78028
11726
78026
1344
78024
8845
78022
23925
78020
1310
78018
32822
78016
2272
78014
5428
78012
469
78010
35217
78008
28572
78006
66547
78004
10368
78002
38940
78000
400
77998
1687
77996
14867
77994
2387
77992
61387
77990
3803
77988
4393
77986
2014
77984
4040
77982
54477
77980
46722
77978
11442
77976
2153
77974
618
77972
46172
77970
23241
77968
17485
77966
31829
77964
2268
77962
21291
77960
1203
77958
4499
77956
7317
77954
11866
77952
7984
77950
2886
77948
1928
77946
8719
77944
19319
77942
34338
77940
29612
77938
6726
77936
20585
77934
5891
77932
20608
77930
33471
77928
43333
77926
572
77924
10015
77922
21390
77920
46210
77918
9816
77916
8409
77914
26791
77912
14763
77910
8332
77908
3532
77906
2683
77904
5507
77902
4050
77900
47252
77898
23795
77896
18819
77894
9081
77892
8819
77890
18125
77888
544
77886
13547
77884
15597
77882
16010
77880
6188
77878
15542
77876
5358
77874
11723
77872
7236
77870
35970
77868
1040
77866
33935
77864
2622
77862
32150
77860
3692
77858
15983
77856
19815
77854
17219
77852
16800
77850
14103
77848
46550
77846
11951
77844
56426
77842
2261
77840
25222
77838
15061
77836
29134
77834
3216
77832
29258
77830
8395
77828
5585
77826
4048
77824
2772
77822
9013
77820
2137
77818
10008
77816
22998
77814
8145
77812
2805
77810
21611
77808
5129
77806
1063
77804
4659
77802
7473
77800
17728
77798
3649
77796
10881
77794
19137
77792
19568
77790
6421
77788
42010
77786
13669
77784
13030
77782
24883
77780
2672
77778
721
77776
47126
77774
9689
77772
41260
77770
3161
77768
15340
77766
3786
77764
11231
77762
20004
77760
4019
77758
15306
77756
14928
77754
2565
77752
19241
77750
6281
77748
23034
77746
16391
77744
786
77742
8467
77740
15352
77738
5605
77736
5203
77734
11871
77732
51558
77730
5260
77728
1870
77726
4662
77724
3933
77722
15764
77720
19675
77718
10030
77716
13542
77714
1911
77712
36363
77710
1365
77708
13288
77706
1637
77704
11640
77702
17336
77700
49023
77698
1456
77696
872
77694
17096
77692
6560
77690
58017
77688
2013
77686
13368
77684
5713
77682
27833
77680
2146
77678
1587
77676
4891
77674
5854
77672
48384
77670
1589
77668
42604
77666
756
77664
18539
77662
1299
77660
31479
77658
17732
77656
10399
77654
30853
77652
11522
77650
11350
77648
24587
77646
7729
77644
8814
77642
20980
77640
23809
77638
20980
77636
10182
77634
1134
77632
12786
77630
2385
77628
8257
77626
3684
77624
25821
77622
5367
77620
16732
77618
3217
77616
3056
77614
13861
77612
42753
77610
1058
77608
16207
77606
2760
77604
12715
77602
37024
77600
8098
77598
1252
77596
613
77594
6424
77592
8698
77590
3661
77588
23348
77586
14942
77584
14797
77582
1721
77580
9119
77578
5059
77576
6920
77574
2892
77572
10394
77570
19810
77568
9127
77566
9519
77564
3359
77562
3843
77560
2348
77558
2030
77556
20682
77554
26970
77552
7018
77550
6367
77548
1172
77546
2506
77544
12460
77542
1224
77540
20478
77538
10001
77536
9618
77534
6190
77532
11856
77530
37794
77528
7307
77526
21846
77524
13245
77522
4759
77520
13559
77518
9140
77516
4383
77514
24570
77512
47998
77510
2578
77508
17911
77506
15303
77504
10882
77502
59141
77500
17917
77498
13378
77496
9557
77494
1485
77492
5852
77490
9110
77488
6563
77486
814
77484
18401
77482
9686
77480
373
77478
35305
77476
15864
77474
73
77472
3032
77470
1553
77468
9552
77466
9194
77464
35883
77462
14418
77460
2128
77458
37571
77456
3614
77454
1579
77452
935
77450
9617
77448
18457
77446
2583
77444
219
77442
17610
77440
1137
77438
6602
77436
28293
77434
501
77432
4243
77430
3505
77428
19732
77426
11706
77424
9097
77422
4445
77420
7652
77418
20261
77416
8714
77414
104
77412
2854
77410
9512
77408
12934
77406
29710
77404
39770
77402
17540
77400
7679
77398
2474
77396
3074
77394
1377
77392
9295
77390
6180
77388
2369
77386
17139
77384
7834
77382
1111
77380
21347
77378
21605
77376
2871
77374
33600
77372
1768
77370
42396
77368
7081
77366
7051
77364
7630
77362
4786
77360
4065
77358
21472
77356
6559
77354
21892
77352
4630
77350
2217
77348
2277
77346
5411
77344
107
77342
7338
77340
5311
77338
17377
77336
23485
77334
1755
77332
18677
77330
4651
77328
103
77326
20298
77324
6798
77322
12352
77320
6599
77318
8201
77316
28223
77314
234
77312
23748
77310
20973
77308
18952
77306
49895
77304
26653
77302
11824
77300
25146
77298
2038
77296
585
77294
4307
77292
2906
77290
5748
77288
20453
77286
19610
77284
36965
77282
24657
77280
25637
77278
7922
77276
17848
77274
1134
77272
5227
77270
41760
77268
7526
77266
707
77264
29713
77262
18529
77260
5837
77258
34723
77256
4374
77254
8593
77252
8012
77250
11222
77248
6246
77246
3609
77244
7010
77242
2003
77240
11580
77238
6211
77236
6239
77234
5515
77232
7996
77230
7232
77228
7992
77226
31707
77224
15157
77222
29527
77220
27281
77218
14840
77216
13983
77214
23559
77212
789
77210
21740
77208
22295
77206
9006
77204
183
77202
31557
77200
16527
77198
31541
77196
3762
77194
36738
77192
6247
77190
33492
77188
8944
77186
4642
77184
1918
77182
28393
77180
14758
77178
11782
77176
5180
77174
34026
77172
4036
77170
32116
77168
35556
77166
5441
77164
11193
77162
4011
77160
9763
77158
15397
77156
1562
77154
23172
77152
21447
77150
4388
77148
10845
77146
6935
77144
11823
77142