750
125
1
379
3
4
5
380
7
251
9
381
11
491
13
14
254
16
17
255
19
435
21
22
23
24
25
436
258
28
29
467
260
261
33
34
35
468
387
38
39
439
41
42
43
265
45
389
267
48
268
50
440
391
441
272
393
56
274
275
276
60
277
62
63
278
279
442
281
282
283
70
284
483
73
74
75
286
77
78
287
396
81
397
83
497
485
292
87
293
89
90
294
92
400
296
446
298
299
98
300
100
301
302
103
303
472
106
107
305
109
110
111
112
113
448
404
308
309
473
311
120
121
122
312
313
314
315
127
316
317
406
319
132
320
450
135
136
451
323
139
140
141
142
486
325
145
326
453
148
149
328
329
411
412
154
332
333
334
493
159
488
456
416
457
164
340
166
167
477
342
170
489
420
421
174
346
176
177
178
179
347
181
348
349
184
460
186
187
351
189
352
423
192
193
194
354
196
197
479
356
357
201
202
203
358
205
425
360
208
209
210
211
212
213
361
362
216
217
462
219
220
364
222
463
480
225
367
429
228
229
230
369
232
233
370
235
430
431
499
239
240
241
374
500
433
245
377
247
378
502
504
505
506
507
508
509
514
515
516
519
520
526
530
531
532
533
536
538
539
540
541
546
549
550
551
554
555
556
557
559
560
561
565
567
569
570
574
575
576
584
588
591
592
593
594
596
597
602
604
605
606
610
611
613
614
616
621
623
626
627
629
638
639
640
641
642
644
645
646
647
648
649
650
652
654
655
656
658
663
667
669
671
672
677
678
679
680
682
687
688
690
691
692
693
694
702
704
706
707
708
712
713
718
719
722
723
724
725
727
728
729
730
732
733
734
736
738
739
741
742
743
745
746
747
748
874
754
755
756
757
761
764
766
767
768
771
772
775
776
777
778
779
780
784
785
786
787
790
791
792
799
802
803
804
807
809
811
812
815
819
820
821
822
823
826
827
829
830
831
836
839
842
843
844
845
848
849
850
851
852
854
855
859
860
863
864
865
867
869
870
875
877
878
880
886
887
888
889
890
893
895
896
899
900
905
906
907
908
913
914
917
921
922
923
924
925
926
931
933
935
936
938
939
942
944
948
950
951
954
955
959
962
963
964
966
969
970
971
972
975
976
978
983
986
987
989
992
994
997
998
375 501
2 503
6 8
10 12
15 18
510 511
512 513
20 26
27 517
518 30
31 521
522 523
524 525
32 527
528 529
36 37
40 44
534 535
46 537
47 49
51 52
542 543
544 545
53 547
548 54
55 57
552 553
58 59
61 64
558 65
66 67
562 563
564 68
566 69
568 71
72 571
572 573
76 79
80 577
578 579
580 581
582 583
82 585
586 587
84 589
590 85
86 88
91 595
93 94
598 599
600 601
95 603
96 97
99 607
608 609
101 102
612 104
105 615
108 617
618 619
620 114
622 115
624 625
116 117
628 118
630 631
632 633
634 635
636 637
119 123
124 0
126 643
128 129
130 131
133 134
137 651
138 653
143 144
146 657
147 659
660 661
662 150
664 665
666 151
668 152
670 153
155 673
674 675
676 156
157 158
160 681
161 683
684 685
686 162
163 689
165 168
169 171
172 695
696 697
698 699
700 701
173 703
175 705
180 182
183 709
710 711
185 188
714 715
716 717
190 191
720 721
195 198
199 200
726 204
206 207
214 731
215 218
221 735
223 737
224 226
740 227
231 234
744 236
237 238
242 243
750 751
752 753
244 246
248 249
758 759
760 250
762 763
252 765
253 256
257 769
770 259
262 773
774 263
264 266
269 270
271 781
782 783
273 280
285 288
788 789
289 290
291 793
794 795
796 797
798 295
800 801
297 304
306 805
806 307
808 310
810 318
321 813
814 322
816 817
818 324
327 330
331 335
824 825
336 337
828 338
339 341
832 833
834 835
343 837
838 344
840 841
345 350
353 355
846 847
359 363
365 366
368 853
371 372
856 857
858 373
376 861
862 382
383 384
866 385
868 386
388 871
872 873
749 390
876 392
394 879
395 881
882 883
884 885
398 399
401 402
403 891
892 405
894 407
408 897
898 409
410 901
902 903
904 413
414 415
417 909
910 911
912 418
419 915
916 422
918 919
920 424
426 427
428 432
434 927
928 929
930 437
932 438
934 443
444 937
445 447
940 941
449 943
452 945
946 947
454 949
455 458
952 953
459 461
956 957
958 464
960 961
465 466
469 965
470 967
968 471
474 475
476 973
974 478
481 977
482 979
980 981
982 484
984 985
487 490
988 492
990 991
494 993
495 995
996 496
498 999
